count,wgs_lng,wgs_lat,time
4.0,115.92210924109742,40.48398365491705,2019-06-30-20-47-51
1.0,115.92235687324006,40.50072552262534,2019-06-30-20-47-51
4.0,115.92210924109742,40.48398365491705,2019-06-30-20-47-51
1.0,115.90812080460371,40.46200567877926,2019-06-30-20-47-51
1.0,115.898121373747,40.451513500457686,2019-06-30-20-47-51
1.0,115.91861615535703,40.45500027777918,2019-06-30-20-47-51
1.0,115.91736712012373,40.45525142879977,2019-06-30-20-47-51
1.0,115.91761689677192,40.455501077675365,2019-06-30-20-47-51
1.0,115.90812080460371,40.46200567877926,2019-06-30-20-47-51
1.0,115.90962849396004,40.397529940448145,2019-06-30-20-47-51
1.0,115.90987841560502,40.39752978164377,2019-06-30-20-47-51
1.0,115.91112793743739,40.39777885772348,2019-06-30-20-47-51
1.0,115.91062803335114,40.39852893719936,2019-06-30-20-47-51
1.0,115.9171243916925,40.398773515077245,2019-06-30-20-47-51
1.0,115.91412633410528,40.39902612441275,2019-06-30-20-47-51
1.0,115.92411772869453,40.39901558135277,2019-06-30-20-47-51
1.0,115.91412624021953,40.39977585980963,2019-06-30-20-47-51
1.0,115.91462594777475,40.39977543821185,2019-06-30-20-47-51
1.0,115.9148757960672,40.39977522321128,2019-06-30-20-47-51
1.0,115.90187872747147,40.4005324112984,2019-06-30-20-47-51
1.0,115.91662453798581,40.40052337462618,2019-06-30-20-47-51
1.0,115.91612482623975,40.40102366372889,2019-06-30-20-47-51
1.0,115.91662444407376,40.401273108660234,2019-06-30-20-47-51
1.0,115.91812324157577,40.40177146510632,2019-06-30-20-47-51
1.0,115.9228683669584,40.405015004076496,2019-06-30-20-47-51
1.0,115.91987127704022,40.40551828632362,2019-06-30-20-47-51
1.0,115.92336744545683,40.40801330440458,2019-06-30-20-47-51
1.0,115.92236842819416,40.40876425134817,2019-06-30-20-47-51
1.0,115.89937664180921,40.41277854585188,2019-06-30-20-47-51
1.0,115.9238657886242,40.41675945287698,2019-06-30-20-47-51
1.0,115.92436493247766,40.419007971346275,2019-06-30-20-47-51
1.0,115.92411515850887,40.41950810270919,2019-06-30-20-47-51
1.0,115.92586306324695,40.41950580697187,2019-06-30-20-47-51
1.0,115.9148732911479,40.41976791493954,2019-06-30-20-47-51
1.0,115.91712176105423,40.4197658541169,2019-06-30-20-47-51
1.0,115.92411512715074,40.41975800834031,2019-06-30-20-47-51
1.0,115.92436483840089,40.41975768846932,2019-06-30-20-47-51
1.0,115.91687185164702,40.42051581069578,2019-06-30-20-47-51
1.0,115.8961294819227,40.38004030166265,2019-06-30-20-47-51
1.0,115.92362061265986,40.38052252568989,2019-06-30-20-47-51
1.0,115.92212210186257,40.381524024505865,2019-06-30-20-47-51
1.0,115.92262157796071,40.38152342555027,2019-06-30-20-47-51
1.0,115.92237181039673,40.381773643519196,2019-06-30-20-47-51
1.0,115.92262154666186,40.381773342676055,2019-06-30-20-47-51
1.0,115.92362045614739,40.381772112062315,2019-06-30-20-47-51
1.0,115.92212203926866,40.38202385868313,2019-06-30-20-47-51
1.0,115.92312091460606,40.382522483740985,2019-06-30-20-47-51
1.0,115.92411979568728,40.382521231387415,2019-06-30-20-47-51
1.0,115.9218722019785,40.38277390476925,2019-06-30-20-47-51
1.0,115.92237165390247,40.38302322803085,2019-06-30-20-47-51
1.0,115.92187213938318,40.383273738201424,2019-06-30-20-47-51
1.0,115.92312082069787,40.38327223400042,2019-06-30-20-47-51
1.0,115.89737953718567,40.38403890629919,2019-06-30-20-47-51
1.0,115.90688077078292,40.384286040376665,2019-06-30-20-47-51
3.0,115.92112266866665,40.38502402256905,2019-06-30-20-47-51
1.0,115.92162214202754,40.38527336158823,2019-06-30-20-47-51
1.0,115.92112260607108,40.38552385465801,2019-06-30-20-47-51
1.0,115.9116292343853,40.3857826268863,2019-06-30-20-47-51
1.0,115.90088036400411,40.3860376787765,2019-06-30-20-47-51
1.0,115.92212153846762,40.3860225213629,2019-06-30-20-47-51
1.0,115.90463069703203,40.386286392701315,2019-06-30-20-47-51
1.0,115.9058806044532,40.38653576766232,2019-06-30-20-47-51
2.0,115.92112248087578,40.38652351793906,2019-06-30-20-47-51
1.0,115.90313058729757,40.386786780338554,2019-06-30-20-47-51
1.0,115.9041305083335,40.387786082492404,2019-06-30-20-47-51
1.0,115.92287052806324,40.38777102774158,2019-06-30-20-47-51
1.0,115.90138020982315,40.38803687905391,2019-06-30-20-47-51
1.0,115.92486823045408,40.38801841664395,2019-06-30-20-47-51
1.0,115.90463044690856,40.38828571629622,2019-06-30-20-47-51
2.0,115.90488044197183,40.38828561376342,2019-06-30-20-47-51
1.0,115.90488041070475,40.38853552887579,2019-06-30-20-47-51
1.0,115.90738015972205,40.38853434897683,2019-06-30-20-47-51
1.0,115.90713017006216,40.388784394661016,2019-06-30-20-47-51
1.0,115.90738012845296,40.38878426401378,2019-06-30-20-47-51
1.0,115.90488034816954,40.38903535887576,2019-06-30-20-47-51
1.0,115.90537976442425,40.39353360187485,2019-06-30-20-47-51
1.0,115.90687936361576,40.39553220011317,2019-06-30-20-47-51
1.0,115.90387937649427,40.39678307875603,2019-06-30-20-47-51
1.0,115.91162785812378,40.396778853759365,2019-06-30-20-47-51
1.0,115.90962849396004,40.397529940448145,2019-06-30-20-47-51
1.0,115.90987841560502,40.39752978164377,2019-06-30-20-47-51
1.0,115.91112793743739,40.39777885772348,2019-06-30-20-47-51
1.0,115.91062803335114,40.39852893719936,2019-06-30-20-47-51
1.0,115.9171243916925,40.398773515077245,2019-06-30-20-47-51
1.0,115.91412633410528,40.39902612441275,2019-06-30-20-47-51
1.0,115.92411772869453,40.39901558135277,2019-06-30-20-47-51
1.0,115.91412624021953,40.39977585980963,2019-06-30-20-47-51
1.0,115.91462594777475,40.39977543821185,2019-06-30-20-47-51
1.0,115.9148757960672,40.39977522321128,2019-06-30-20-47-51
1.0,115.90187872747147,40.4005324112984,2019-06-30-20-47-51
1.0,115.91662453798581,40.40052337462618,2019-06-30-20-47-51
1.0,115.91612482623975,40.40102366372889,2019-06-30-20-47-51
1.0,115.91662444407376,40.401273108660234,2019-06-30-20-47-51
1.0,115.91812324157577,40.40177146510632,2019-06-30-20-47-51
1.0,115.89863165942741,40.370793095067555,2019-06-30-20-47-51
1.0,115.90288256686021,40.3707921124187,2019-06-30-20-47-51
1.0,115.89613060706895,40.37104321949508,2019-06-30-20-47-51
1.0,115.89638072529583,40.37104321145143,2019-06-30-20-47-51
1.0,115.90213245177003,40.37104226466631,2019-06-30-20-47-51
1.0,115.90363255539019,40.37129169585837,2019-06-30-20-47-51
1.0,115.90238242087776,40.37154203056002,2019-06-30-20-47-51
1.0,115.89613051332387,40.37179298000196,2019-06-30-20-47-51
1.0,115.89638063155184,40.37179297195814,2019-06-30-20-47-51
1.0,115.8973810687131,40.37179291234602,2019-06-30-20-47-51
1.0,115.90113213277888,40.372292135278535,2019-06-30-20-47-51
1.0,115.90138217892695,40.37229207192732,2019-06-30-20-47-51
1.0,115.90138214768206,40.37254199180013,2019-06-30-20-47-51
1.0,115.90363239917048,40.37254129595764,2019-06-30-20-47-51
1.0,115.9013821164368,40.37279191159914,2019-06-30-20-47-51
3.0,115.90413235242471,40.37304095006002,2019-06-30-20-47-51
1.0,115.92212307189094,40.37377655676181,2019-06-30-20-47-51
1.0,115.92237281175501,40.37377625865066,2019-06-30-20-47-51
1.0,115.9226225480537,40.3737759578089,2019-06-30-20-47-51
1.0,115.90088186427532,40.37404163340303,2019-06-30-20-47-51
1.0,115.90163200271904,40.37404144334644,2019-06-30-20-47-51
3.0,115.91462913826831,40.37428405566982,2019-06-30-20-47-51
1.0,115.89888124182387,40.37479177569001,2019-06-30-20-47-51
1.0,115.91038109339043,40.37478711968669,2019-06-30-20-47-51
1.0,115.92162345631236,40.37477682203939,2019-06-30-20-47-51
1.0,115.90113175781612,40.37529116887786,2019-06-30-20-47-51
1.0,115.9253692254434,40.375271984727654,2019-06-30-20-47-51
1.0,115.90188179160823,40.3760407271906,2019-06-30-20-47-51
1.0,115.90138167896707,40.37629078102562,2019-06-30-20-47-51
1.0,115.89813073394474,40.37679122513397,2019-06-30-20-47-51
1.0,115.90238176468937,40.37679033702026,2019-06-30-20-47-51
1.0,115.90238173343849,40.377040255561575,2019-06-30-20-47-51
1.0,115.8961294819227,40.38004030166265,2019-06-30-20-47-51
1.0,115.92362061265986,40.38052252568989,2019-06-30-20-47-51
1.0,115.92212210186257,40.381524024505865,2019-06-30-20-47-51
1.0,115.92262157796071,40.38152342555027,2019-06-30-20-47-51
1.0,115.92237181039673,40.381773643519196,2019-06-30-20-47-51
1.0,115.92262154666186,40.381773342676055,2019-06-30-20-47-51
1.0,115.92362045614739,40.381772112062315,2019-06-30-20-47-51
1.0,115.92212203926866,40.38202385868313,2019-06-30-20-47-51
1.0,115.92312091460606,40.382522483740985,2019-06-30-20-47-51
1.0,115.92411979568728,40.382521231387415,2019-06-30-20-47-51
1.0,115.9218722019785,40.38277390476925,2019-06-30-20-47-51
1.0,115.92237165390247,40.38302322803085,2019-06-30-20-47-51
1.0,115.92187213938318,40.383273738201424,2019-06-30-20-47-51
1.0,115.92312082069787,40.38327223400042,2019-06-30-20-47-51
1.0,115.89737953718567,40.38403890629919,2019-06-30-20-47-51
1.0,115.90688077078292,40.384286040376665,2019-06-30-20-47-51
3.0,115.92112266866665,40.38502402256905,2019-06-30-20-47-51
1.0,115.92162214202754,40.38527336158823,2019-06-30-20-47-51
1.0,115.92112260607108,40.38552385465801,2019-06-30-20-47-51
1.0,115.9116292343853,40.3857826268863,2019-06-30-20-47-51
1.0,115.90088036400411,40.3860376787765,2019-06-30-20-47-51
1.0,115.92212153846762,40.3860225213629,2019-06-30-20-47-51
1.0,115.90463069703203,40.386286392701315,2019-06-30-20-47-51
1.0,115.9058806044532,40.38653576766232,2019-06-30-20-47-51
2.0,115.92112248087578,40.38652351793906,2019-06-30-20-47-51
1.0,115.90313058729757,40.386786780338554,2019-06-30-20-47-51
1.0,115.9041305083335,40.387786082492404,2019-06-30-20-47-51
1.0,115.92287052806324,40.38777102774158,2019-06-30-20-47-51
1.0,115.90138020982315,40.38803687905391,2019-06-30-20-47-51
1.0,115.92486823045408,40.38801841664395,2019-06-30-20-47-51
1.0,115.90463044690856,40.38828571629622,2019-06-30-20-47-51
2.0,115.90488044197183,40.38828561376342,2019-06-30-20-47-51
1.0,115.90488041070475,40.38853552887579,2019-06-30-20-47-51
1.0,115.90738015972205,40.38853434897683,2019-06-30-20-47-51
1.0,115.90713017006216,40.388784394661016,2019-06-30-20-47-51
1.0,115.90738012845296,40.38878426401378,2019-06-30-20-47-51
1.0,115.90488034816954,40.38903535887576,2019-06-30-20-47-51
1.0,115.90537976442425,40.39353360187485,2019-06-30-20-47-51
1.0,115.91488054931041,40.36178778285259,2019-06-30-20-47-51
1.0,115.9253709152699,40.361776250333975,2019-06-30-20-47-51
1.0,115.92112554656664,40.36203142580243,2019-06-30-20-47-51
1.0,115.92162505140907,40.362030848747914,2019-06-30-20-47-51
1.0,115.910132741291,40.362291233596935,2019-06-30-20-47-51
1.0,115.92112551530086,40.36228134868035,2019-06-30-20-47-51
1.0,115.92112548403473,40.362531271485274,2019-06-30-20-47-51
1.0,115.92262392438889,40.362779430199176,2019-06-30-20-47-51
1.0,115.91263125100454,40.36603829711958,2019-06-30-20-47-51
1.0,115.91338087297814,40.36603771102911,2019-06-30-20-47-51
1.0,115.91188156479826,40.36628877963378,2019-06-30-20-47-51
1.0,115.90063274813275,40.36654407622006,2019-06-30-20-47-51
1.0,115.89638125645301,40.36679455606891,2019-06-30-20-47-51
1.0,115.91313087766058,40.367037595597246,2019-06-30-20-47-51
1.0,115.91338074798604,40.36703739742555,2019-06-30-20-47-51
1.0,115.89688138845342,40.36754429601563,2019-06-30-20-47-51
1.0,115.89938220806955,40.3682937728281,2019-06-30-20-47-51
1.0,115.90488294221826,40.368292163521645,2019-06-30-20-47-51
1.0,115.91113162686727,40.36828868616736,2019-06-30-20-47-51
1.0,115.91587909380198,40.36828486788083,2019-06-30-20-47-51
1.0,115.89988231624665,40.36854360333378,2019-06-30-20-47-51
1.0,115.90013238052865,40.36854355389708,2019-06-30-20-47-51
1.0,115.90163269007081,40.36854319885334,2019-06-30-20-47-51
1.0,115.91338056048752,40.36853692481865,2019-06-30-20-47-51
1.0,115.90288281678801,40.36879274724922,2019-06-30-20-47-51
1.0,115.90488287973906,40.368792005548684,2019-06-30-20-47-51
2.0,115.91338052923656,40.36878684579373,2019-06-30-20-47-51
1.0,115.89613082579537,40.369293775734256,2019-06-30-20-47-51
1.0,115.897881546996,40.36954358253201,2019-06-30-20-47-51
1.0,115.89813160890036,40.369793475927665,2019-06-30-20-47-51
1.0,115.89913194549052,40.36979333914768,2019-06-30-20-47-51
1.0,115.89863165942741,40.370793095067555,2019-06-30-20-47-51
1.0,115.90288256686021,40.3707921124187,2019-06-30-20-47-51
1.0,115.89613060706895,40.37104321949508,2019-06-30-20-47-51
1.0,115.89638072529583,40.37104321145143,2019-06-30-20-47-51
1.0,115.90213245177003,40.37104226466631,2019-06-30-20-47-51
1.0,115.90363255539019,40.37129169585837,2019-06-30-20-47-51
1.0,115.90238242087776,40.37154203056002,2019-06-30-20-47-51
1.0,115.89613051332387,40.37179298000196,2019-06-30-20-47-51
1.0,115.89638063155184,40.37179297195814,2019-06-30-20-47-51
1.0,115.8973810687131,40.37179291234602,2019-06-30-20-47-51
1.0,115.90113213277888,40.372292135278535,2019-06-30-20-47-51
1.0,115.90138217892695,40.37229207192732,2019-06-30-20-47-51
1.0,115.90138214768206,40.37254199180013,2019-06-30-20-47-51
1.0,115.90363239917048,40.37254129595764,2019-06-30-20-47-51
1.0,115.9013821164368,40.37279191159914,2019-06-30-20-47-51
3.0,115.90413235242471,40.37304095006002,2019-06-30-20-47-51
1.0,115.92212307189094,40.37377655676181,2019-06-30-20-47-51
1.0,115.92237281175501,40.37377625865066,2019-06-30-20-47-51
1.0,115.9226225480537,40.3737759578089,2019-06-30-20-47-51
1.0,115.90088186427532,40.37404163340303,2019-06-30-20-47-51
1.0,115.90163200271904,40.37404144334644,2019-06-30-20-47-51
3.0,115.91462913826831,40.37428405566982,2019-06-30-20-47-51
1.0,115.89888124182387,40.37479177569001,2019-06-30-20-47-51
1.0,115.91038109339043,40.37478711968669,2019-06-30-20-47-51
1.0,115.92162345631236,40.37477682203939,2019-06-30-20-47-51
1.0,115.90113175781612,40.37529116887786,2019-06-30-20-47-51
1.0,115.9253692254434,40.375271984727654,2019-06-30-20-47-51
1.0,115.90188179160823,40.3760407271906,2019-06-30-20-47-51
1.0,115.90138167896707,40.37629078102562,2019-06-30-20-47-51
1.0,115.89813073394474,40.37679122513397,2019-06-30-20-47-51
1.0,115.90238176468937,40.37679033702026,2019-06-30-20-47-51
1.0,115.90238173343849,40.377040255561575,2019-06-30-20-47-51
1.0,115.8961294819227,40.38004030166265,2019-06-30-20-47-51
1.0,115.92362061265986,40.38052252568989,2019-06-30-20-47-51
1.0,115.92212210186257,40.381524024505865,2019-06-30-20-47-51
1.0,115.92262157796071,40.38152342555027,2019-06-30-20-47-51
1.0,115.92237181039673,40.381773643519196,2019-06-30-20-47-51
1.0,115.92262154666186,40.381773342676055,2019-06-30-20-47-51
1.0,115.92362045614739,40.381772112062315,2019-06-30-20-47-51
1.0,115.92212203926866,40.38202385868313,2019-06-30-20-47-51
1.0,115.92312091460606,40.382522483740985,2019-06-30-20-47-51
1.0,115.92411979568728,40.382521231387415,2019-06-30-20-47-51
1.0,115.9218722019785,40.38277390476925,2019-06-30-20-47-51
1.0,115.92237165390247,40.38302322803085,2019-06-30-20-47-51
1.0,115.92187213938318,40.383273738201424,2019-06-30-20-47-51
1.0,115.92312082069787,40.38327223400042,2019-06-30-20-47-51
1.0,115.89737953718567,40.38403890629919,2019-06-30-20-47-51
1.0,115.90688077078292,40.384286040376665,2019-06-30-20-47-51
3.0,115.92112266866665,40.38502402256905,2019-06-30-20-47-51
1.0,115.90663474136572,40.352796119376876,2019-06-30-20-47-51
1.0,115.92562173521758,40.35277864237294,2019-06-30-20-47-51
1.0,115.90613476762145,40.353046286527636,2019-06-30-20-47-51
1.0,115.92637076480321,40.35302755182581,2019-06-30-20-47-51
1.0,115.896382942996,40.353298687078286,2019-06-30-20-47-51
1.0,115.89663305762689,40.353298676297825,2019-06-30-20-47-51
1.0,115.90413481974817,40.35329706594305,2019-06-30-20-47-51
1.0,115.90513480736784,40.353296661452646,2019-06-30-20-47-51
1.0,115.90538479512195,40.353296553310344,2019-06-30-20-47-51
1.0,115.90563477921319,40.3532964423583,2019-06-30-20-47-51
1.0,115.90638470949838,40.35329609263575,2019-06-30-20-47-51
1.0,115.90813441845145,40.35329517814963,2019-06-30-20-47-51
1.0,115.92587136312164,40.35327815740202,2019-06-30-20-47-51
2.0,115.90513477614903,40.35354658687475,2019-06-30-20-47-51
1.0,115.90538476390302,40.35354647873239,2019-06-30-20-47-51
1.0,115.90563474799411,40.3535463677803,2019-06-30-20-47-51
1.0,115.90588472842116,40.35354625401763,2019-06-30-20-47-51
1.0,115.90613470518305,40.35354613744364,2019-06-30-20-47-51
2.0,115.90638467827884,40.35354601805759,2019-06-30-20-47-51
1.0,115.90663464770756,40.35354589585886,2019-06-30-20-47-51
2.0,115.9068846134684,40.35354577084684,2019-06-30-20-47-51
2.0,115.9071345755606,40.35354564302102,2019-06-30-20-47-51
1.0,115.90738453398345,40.35354551238092,2019-06-30-20-47-51
2.0,115.90513474492985,40.35379651222461,2019-06-30-20-47-51
2.0,115.90738450276272,40.35379543773032,2019-06-30-20-47-51
1.0,115.92562161012484,40.353778344190395,2019-06-30-20-47-51
2.0,115.90513471371035,40.35404643750221,2019-06-30-20-47-51
1.0,115.90738447154166,40.35404536300747,2019-06-30-20-47-51
1.0,115.91937816664442,40.35403578834384,2019-06-30-20-47-51
2.0,115.9051346824905,40.35429636270754,2019-06-30-20-47-51
1.0,115.90613461152286,40.354295913275806,2019-06-30-20-47-51
1.0,115.90638458461812,40.35429579388961,2019-06-30-20-47-51
1.0,115.90663455404629,40.35429567169073,2019-06-30-20-47-51
1.0,115.90688451980654,40.354295546678564,2019-06-30-20-47-51
2.0,115.90713448189808,40.35429541885259,2019-06-30-20-47-51
1.0,115.90488465985504,40.35454639317427,2019-06-30-20-47-51
2.0,115.9051346512703,40.35454628784056,2019-06-30-20-47-51
1.0,115.90588460354084,40.35454595498283,2019-06-30-20-47-51
2.0,115.90613458030211,40.354545838408626,2019-06-30-20-47-51
1.0,115.9063845533972,40.35454571902238,2019-06-30-20-47-51
1.0,115.90663452282517,40.35454559682345,2019-06-30-20-47-51
1.0,115.90688448858523,40.35454547181123,2019-06-30-20-47-51
1.0,115.90713445067657,40.3545453439852,2019-06-30-20-47-51
1.0,115.89738319272352,40.3547981789412,2019-06-30-20-47-51
1.0,115.90513462004976,40.35479621290127,2019-06-30-20-47-51
1.0,115.90538460780316,40.354796104758655,2019-06-30-20-47-51
1.0,115.9056345918936,40.354795993806306,2019-06-30-20-47-51
2.0,115.9058845723199,40.35479588004338,2019-06-30-20-47-51
1.0,115.89738303660069,40.35604780316741,2019-06-30-20-47-51
1.0,115.89713290147425,40.35629774681625,2019-06-30-20-47-51
1.0,115.90813404377504,40.356294278435136,2019-06-30-20-47-51
1.0,115.90838398751214,40.35629413653385,2019-06-30-20-47-51
1.0,115.8961324188626,40.35654771998983,2019-06-30-20-47-51
1.0,115.897132870248,40.3565476713718,2019-06-30-20-47-51
1.0,115.89738297414912,40.35654765235087,2019-06-30-20-47-51
1.0,115.89838332263714,40.356797473201325,2019-06-30-20-47-51
1.0,115.90388434538696,40.35704603379183,2019-06-30-20-47-51
1.0,115.90738406563642,40.35729438502501,2019-06-30-20-47-51
1.0,115.91438137997332,40.35753950870956,2019-06-30-20-47-51
1.0,115.91213245311691,40.358291064559324,2019-06-30-20-47-51
1.0,115.92012696273113,40.35828369502483,2019-06-30-20-47-51
1.0,115.92262445597541,40.35853073384622,2019-06-30-20-47-51
1.0,115.92387305319326,40.35877911270246,2019-06-30-20-47-51
1.0,115.90238392016482,40.35954577971677,2019-06-30-20-47-51
1.0,115.92162536406764,40.35953161596,2019-06-30-20-47-51
1.0,115.92512146809491,40.35977719476075,2019-06-30-20-47-51
1.0,115.9216253015387,40.360031463100306,2019-06-30-20-47-51
1.0,115.92636982635175,40.36052528503517,2019-06-30-20-47-51
2.0,115.91762876597016,40.360785540979165,2019-06-30-20-47-51
1.0,115.92312363658836,40.36077943644486,2019-06-30-20-47-51
2.0,115.92636979506467,40.36077520834967,2019-06-30-20-47-51
1.0,115.92537100911956,40.36102648104595,2019-06-30-20-47-51
1.0,115.92636976377725,40.361025131591305,2019-06-30-20-47-51
1.0,115.92037635619928,40.36128250171239,2019-06-30-20-47-51
1.0,115.92087588256338,40.36128194114096,2019-06-30-20-47-51
1.0,115.91138237005163,40.36154061445209,2019-06-30-20-47-51
1.0,115.91488054931041,40.36178778285259,2019-06-30-20-47-51
1.0,115.9253709152699,40.361776250333975,2019-06-30-20-47-51
1.0,115.92112554656664,40.36203142580243,2019-06-30-20-47-51
1.0,115.92162505140907,40.362030848747914,2019-06-30-20-47-51
1.0,115.910132741291,40.362291233596935,2019-06-30-20-47-51
1.0,115.92112551530086,40.36228134868035,2019-06-30-20-47-51
1.0,115.92112548403473,40.362531271485274,2019-06-30-20-47-51
1.0,115.92262392438889,40.362779430199176,2019-06-30-20-47-51
1.0,115.91263125100454,40.36603829711958,2019-06-30-20-47-51
1.0,115.91338087297814,40.36603771102911,2019-06-30-20-47-51
1.0,115.91188156479826,40.36628877963378,2019-06-30-20-47-51
1.0,115.90063274813275,40.36654407622006,2019-06-30-20-47-51
1.0,115.89638125645301,40.36679455606891,2019-06-30-20-47-51
1.0,115.91313087766058,40.367037595597246,2019-06-30-20-47-51
1.0,115.91338074798604,40.36703739742555,2019-06-30-20-47-51
1.0,115.89688138845342,40.36754429601563,2019-06-30-20-47-51
1.0,115.89938220806955,40.3682937728281,2019-06-30-20-47-51
1.0,115.90488294221826,40.368292163521645,2019-06-30-20-47-51
1.0,115.91113162686727,40.36828868616736,2019-06-30-20-47-51
1.0,115.91587909380198,40.36828486788083,2019-06-30-20-47-51
1.0,115.89988231624665,40.36854360333378,2019-06-30-20-47-51
1.0,115.90013238052865,40.36854355389708,2019-06-30-20-47-51
1.0,115.90163269007081,40.36854319885334,2019-06-30-20-47-51
1.0,115.91338056048752,40.36853692481865,2019-06-30-20-47-51
1.0,115.90288281678801,40.36879274724922,2019-06-30-20-47-51
1.0,115.90488287973906,40.368792005548684,2019-06-30-20-47-51
2.0,115.91338052923656,40.36878684579373,2019-06-30-20-47-51
1.0,115.89613082579537,40.369293775734256,2019-06-30-20-47-51
1.0,115.897881546996,40.36954358253201,2019-06-30-20-47-51
1.0,115.89813160890036,40.369793475927665,2019-06-30-20-47-51
1.0,115.89913194549052,40.36979333914768,2019-06-30-20-47-51
1.0,115.89863165942741,40.370793095067555,2019-06-30-20-47-51
1.0,115.90288256686021,40.3707921124187,2019-06-30-20-47-51
1.0,115.89613060706895,40.37104321949508,2019-06-30-20-47-51
1.0,115.89638072529583,40.37104321145143,2019-06-30-20-47-51
1.0,115.90213245177003,40.37104226466631,2019-06-30-20-47-51
1.0,115.90363255539019,40.37129169585837,2019-06-30-20-47-51
1.0,115.90238242087776,40.37154203056002,2019-06-30-20-47-51
1.0,115.89613051332387,40.37179298000196,2019-06-30-20-47-51
1.0,115.89638063155184,40.37179297195814,2019-06-30-20-47-51
1.0,115.8973810687131,40.37179291234602,2019-06-30-20-47-51
1.0,115.90113213277888,40.372292135278535,2019-06-30-20-47-51
1.0,115.90138217892695,40.37229207192732,2019-06-30-20-47-51
1.0,115.90138214768206,40.37254199180013,2019-06-30-20-47-51
1.0,115.90363239917048,40.37254129595764,2019-06-30-20-47-51
1.0,115.9013821164368,40.37279191159914,2019-06-30-20-47-51
3.0,115.90413235242471,40.37304095006002,2019-06-30-20-47-51
1.0,115.92212307189094,40.37377655676181,2019-06-30-20-47-51
1.0,115.92237281175501,40.37377625865066,2019-06-30-20-47-51
1.0,115.9226225480537,40.3737759578089,2019-06-30-20-47-51
1.0,115.90088186427532,40.37404163340303,2019-06-30-20-47-51
1.0,115.90163200271904,40.37404144334644,2019-06-30-20-47-51
3.0,115.91462913826831,40.37428405566982,2019-06-30-20-47-51
1.0,115.89888124182387,40.37479177569001,2019-06-30-20-47-51
1.0,115.91038109339043,40.37478711968669,2019-06-30-20-47-51
1.0,115.92162345631236,40.37477682203939,2019-06-30-20-47-51
1.0,115.90113175781612,40.37529116887786,2019-06-30-20-47-51
1.0,115.9253692254434,40.375271984727654,2019-06-30-20-47-51
1.0,115.90188179160823,40.3760407271906,2019-06-30-20-47-51
1.0,115.89913631607475,40.33480373696922,2019-06-30-20-47-51
1.0,115.89813591722618,40.33530373505692,2019-06-30-20-47-51
1.0,115.90338697506907,40.335802382152124,2019-06-30-20-47-51
1.0,115.92612308225712,40.33703251266973,2019-06-30-20-47-51
1.0,115.89663480555161,40.33930273797595,2019-06-30-20-47-51
1.0,115.9011361292876,40.340301789541634,2019-06-30-20-47-51
1.0,115.90063599492538,40.34055183701991,2019-06-30-20-47-51
1.0,115.89613407345148,40.34330161918443,2019-06-30-20-47-51
1.0,115.90513518196671,40.35029755076137,2019-06-30-20-47-51
1.0,115.90538507607684,40.3510472212651,2019-06-30-20-47-51
1.0,115.90488503447337,40.35154728681038,2019-06-30-20-47-51
1.0,115.90513499467349,40.3517971074044,2019-06-30-20-47-51
1.0,115.92587155076181,40.351778603377,2019-06-30-20-47-51
1.0,115.90438497822832,40.35204734083627,2019-06-30-20-47-51
1.0,115.92462303211084,40.35203018246359,2019-06-30-20-47-51
1.0,115.90688476956463,40.35229614301626,2019-06-30-20-47-51
1.0,115.90713470043912,40.352545940901095,2019-06-30-20-47-51
1.0,115.92437326154904,40.35253035651299,2019-06-30-20-47-51
1.0,115.9253720725315,40.35252905007753,2019-06-30-20-47-51
1.0,115.90663474136572,40.352796119376876,2019-06-30-20-47-51
1.0,115.92562173521758,40.35277864237294,2019-06-30-20-47-51
1.0,115.90613476762145,40.353046286527636,2019-06-30-20-47-51
1.0,115.92637076480321,40.35302755182581,2019-06-30-20-47-51
1.0,115.896382942996,40.353298687078286,2019-06-30-20-47-51
1.0,115.89663305762689,40.353298676297825,2019-06-30-20-47-51
1.0,115.90413481974817,40.35329706594305,2019-06-30-20-47-51
1.0,115.90513480736784,40.353296661452646,2019-06-30-20-47-51
1.0,115.90538479512195,40.353296553310344,2019-06-30-20-47-51
1.0,115.90563477921319,40.3532964423583,2019-06-30-20-47-51
1.0,115.90638470949838,40.35329609263575,2019-06-30-20-47-51
1.0,115.90813441845145,40.35329517814963,2019-06-30-20-47-51
1.0,115.92587136312164,40.35327815740202,2019-06-30-20-47-51
2.0,115.90513477614903,40.35354658687475,2019-06-30-20-47-51
1.0,115.90538476390302,40.35354647873239,2019-06-30-20-47-51
1.0,115.90563474799411,40.3535463677803,2019-06-30-20-47-51
1.0,115.90588472842116,40.35354625401763,2019-06-30-20-47-51
1.0,115.90613470518305,40.35354613744364,2019-06-30-20-47-51
2.0,115.90638467827884,40.35354601805759,2019-06-30-20-47-51
1.0,115.90663464770756,40.35354589585886,2019-06-30-20-47-51
2.0,115.9068846134684,40.35354577084684,2019-06-30-20-47-51
2.0,115.9071345755606,40.35354564302102,2019-06-30-20-47-51
1.0,115.90738453398345,40.35354551238092,2019-06-30-20-47-51
2.0,115.90513474492985,40.35379651222461,2019-06-30-20-47-51
2.0,115.90738450276272,40.35379543773032,2019-06-30-20-47-51
1.0,115.92562161012484,40.353778344190395,2019-06-30-20-47-51
2.0,115.90513471371035,40.35404643750221,2019-06-30-20-47-51
1.0,115.90738447154166,40.35404536300747,2019-06-30-20-47-51
1.0,115.91937816664442,40.35403578834384,2019-06-30-20-47-51
2.0,115.9051346824905,40.35429636270754,2019-06-30-20-47-51
1.0,115.90613461152286,40.354295913275806,2019-06-30-20-47-51
1.0,115.90638458461812,40.35429579388961,2019-06-30-20-47-51
1.0,115.90663455404629,40.35429567169073,2019-06-30-20-47-51
1.0,115.90688451980654,40.354295546678564,2019-06-30-20-47-51
2.0,115.90713448189808,40.35429541885259,2019-06-30-20-47-51
1.0,115.90488465985504,40.35454639317427,2019-06-30-20-47-51
2.0,115.9051346512703,40.35454628784056,2019-06-30-20-47-51
1.0,115.90588460354084,40.35454595498283,2019-06-30-20-47-51
2.0,115.90613458030211,40.354545838408626,2019-06-30-20-47-51
1.0,115.9063845533972,40.35454571902238,2019-06-30-20-47-51
1.0,115.90663452282517,40.35454559682345,2019-06-30-20-47-51
1.0,115.90688448858523,40.35454547181123,2019-06-30-20-47-51
1.0,115.90713445067657,40.3545453439852,2019-06-30-20-47-51
1.0,115.89738319272352,40.3547981789412,2019-06-30-20-47-51
1.0,115.90513462004976,40.35479621290127,2019-06-30-20-47-51
1.0,115.90538460780316,40.354796104758655,2019-06-30-20-47-51
1.0,115.9056345918936,40.354795993806306,2019-06-30-20-47-51
2.0,115.9058845723199,40.35479588004338,2019-06-30-20-47-51
1.0,115.89738303660069,40.35604780316741,2019-06-30-20-47-51
1.0,115.89713290147425,40.35629774681625,2019-06-30-20-47-51
1.0,115.90813404377504,40.356294278435136,2019-06-30-20-47-51
1.0,115.90838398751214,40.35629413653385,2019-06-30-20-47-51
1.0,115.8961324188626,40.35654771998983,2019-06-30-20-47-51
1.0,115.897132870248,40.3565476713718,2019-06-30-20-47-51
1.0,115.89738297414912,40.35654765235087,2019-06-30-20-47-51
1.0,115.89838332263714,40.356797473201325,2019-06-30-20-47-51
1.0,115.90388434538696,40.35704603379183,2019-06-30-20-47-51
1.0,115.90738406563642,40.35729438502501,2019-06-30-20-47-51
1.0,115.91438137997332,40.35753950870956,2019-06-30-20-47-51
1.0,115.91213245311691,40.358291064559324,2019-06-30-20-47-51
1.0,115.92012696273113,40.35828369502483,2019-06-30-20-47-51
1.0,115.90288912014452,40.31830724740455,2019-06-30-20-47-51
1.0,115.89913824945931,40.3193078967431,2019-06-30-20-47-51
1.0,115.89788772644322,40.320057865619084,2019-06-30-20-47-51
1.0,115.90313889142938,40.32030664496124,2019-06-30-20-47-51
1.0,115.9026384723766,40.323306020355396,2019-06-30-20-47-51
1.0,115.89838744137879,40.32380682330203,2019-06-30-20-47-51
1.0,115.89913737648193,40.32630605127434,2019-06-30-20-47-51
1.0,115.89938726447669,40.32780560763624,2019-06-30-20-47-51
1.0,115.89938707736377,40.32930520259219,2019-06-30-20-47-51
1.0,115.9003872792443,40.32980487485442,2019-06-30-20-47-51
1.0,115.89938698380266,40.33005499912706,2019-06-30-20-47-51
1.0,115.89963705529011,40.330054955249764,2019-06-30-20-47-51
1.0,115.90038721687056,40.33030473900074,2019-06-30-20-47-51
1.0,115.90088729608809,40.33055455821003,2019-06-30-20-47-51
1.0,115.89813635393561,40.33180469977724,2019-06-30-20-47-51
1.0,115.8981362603607,40.33255449421126,2019-06-30-20-47-51
1.0,115.89888626855885,40.33455384453072,2019-06-30-20-47-51
1.0,115.89913631607475,40.33480373696922,2019-06-30-20-47-51
1.0,115.89813591722618,40.33530373505692,2019-06-30-20-47-51
1.0,115.90338697506907,40.335802382152124,2019-06-30-20-47-51
1.0,115.92612308225712,40.33703251266973,2019-06-30-20-47-51
1.0,115.90713638575869,40.33904984990165,2019-06-30-20-47-51
1.0,115.89663480555161,40.33930273797595,2019-06-30-20-47-51
1.0,115.9011361292876,40.340301789541634,2019-06-30-20-47-51
1.0,115.9238793944205,40.30804310387709,2019-06-30-20-47-51
1.0,115.92412910971157,40.30804278673209,2019-06-30-20-47-51
1.0,115.90288912014452,40.31830724740455,2019-06-30-20-47-51
1.0,115.89913824945931,40.3193078967431,2019-06-30-20-47-51
1.0,115.89788772644322,40.320057865619084,2019-06-30-20-47-51
1.0,115.90313889142938,40.32030664496124,2019-06-30-20-47-51
1.0,115.9026384723766,40.323306020355396,2019-06-30-20-47-51
1.0,115.89838744137879,40.32380682330203,2019-06-30-20-47-51
1.0,115.89913737648193,40.32630605127434,2019-06-30-20-47-51
1.0,115.89938726447669,40.32780560763624,2019-06-30-20-47-51
1.0,115.89938707736377,40.32930520259219,2019-06-30-20-47-51
1.0,115.9003872792443,40.32980487485442,2019-06-30-20-47-51
1.0,115.89938698380266,40.33005499912706,2019-06-30-20-47-51
1.0,115.89963705529011,40.330054955249764,2019-06-30-20-47-51
1.0,115.90038721687056,40.33030473900074,2019-06-30-20-47-51
1.0,115.90088729608809,40.33055455821003,2019-06-30-20-47-51
1.0,115.92413119958371,40.29129678265315,2019-06-30-20-47-51
1.0,115.92438091141929,40.29129646280396,2019-06-30-20-47-51
1.0,115.92338179344537,40.29329726445338,2019-06-30-20-47-51
1.0,115.92338173108466,40.29379714842416,2019-06-30-20-47-51
1.0,115.92313116313481,40.3005458651781,2019-06-30-20-47-51
1.0,115.92288137126393,40.30104605159032,2019-06-30-20-47-51
1.0,115.92363054909828,40.30104512458869,2019-06-30-20-47-51
1.0,115.92288130888616,40.301545931455124,2019-06-30-20-47-51
1.0,115.9221319743318,40.30254659286873,2019-06-30-20-47-51
1.0,115.92462874813675,40.306292575832146,2019-06-30-20-47-51
1.0,115.92512806043688,40.30704173809865,2019-06-30-20-47-51
1.0,115.92562738987968,40.307540950767965,2019-06-30-20-47-51
1.0,115.92387942562287,40.30779316572321,2019-06-30-20-47-51
1.0,115.92537766449588,40.30779122232096,2019-06-30-20-47-51
1.0,115.92587704934046,40.307790552972556,2019-06-30-20-47-51
1.0,115.9238793944205,40.30804310387709,2019-06-30-20-47-51
1.0,115.92412910971157,40.30804278673209,2019-06-30-20-47-51
1.0,115.92413119958371,40.29129678265315,2019-06-30-20-47-51
1.0,115.92438091141929,40.29129646280396,2019-06-30-20-47-51
1.0,115.92338179344537,40.29329726445338,2019-06-30-20-47-51
1.0,115.92338173108466,40.29379714842416,2019-06-30-20-47-51
1.0,115.8974015237804,40.20758073771694,2019-06-30-20-47-51
1.0,115.8974015237804,40.20758073771694,2019-06-30-20-47-51
1.0,115.90665762531742,40.16883328942433,2019-06-30-20-47-51
1.0,115.92514486203245,40.17206608677195,2019-06-30-20-47-51
1.0,115.92390607075815,40.093325248446945,2019-06-30-20-47-51
1.0,115.92415578700907,40.09332493133849,2019-06-30-20-47-51
1.0,115.91516088065467,40.11658277748158,2019-06-30-20-47-51
1.0,115.89791752749241,40.07984399862128,2019-06-30-20-47-51
1.0,115.92390607075815,40.093325248446945,2019-06-30-20-47-51
1.0,115.92415578700907,40.09332493133849,2019-06-30-20-47-51
1.0,115.89791752749241,40.07984399862128,2019-06-30-20-47-51
1.0,115.90017421128104,40.03134644231969,2019-06-30-20-47-51
1.0,115.899673987215,40.032096501079906,2019-06-30-20-47-51
1.0,115.90292433897808,40.03409557835287,2019-06-30-20-47-51
1.0,115.89667243370965,40.0358466560907,2019-06-30-20-47-51
1.0,115.90017365720745,40.035846216819365,2019-06-30-20-47-51
1.0,115.91942037743578,40.01383505108756,2019-06-30-20-47-51
1.0,115.9191704085471,40.01533524800028,2019-06-30-20-47-51
1.0,115.90717594915843,40.0198444777461,2019-06-30-20-47-51
1.0,115.91192444789482,40.02059148041114,2019-06-30-20-47-51
1.0,115.90017421128104,40.03134644231969,2019-06-30-20-47-51
1.0,115.899673987215,40.032096501079906,2019-06-30-20-47-51
1.0,115.90292433897808,40.03409557835287,2019-06-30-20-47-51
1.0,115.89667243370965,40.0358466560907,2019-06-30-20-47-51
1.0,115.90017365720745,40.035846216819365,2019-06-30-20-47-51
1.0,115.92466545290364,40.0103290078439,2019-06-30-20-47-51
1.0,115.92491515898811,40.01032868263894,2019-06-30-20-47-51
1.0,115.92566425624806,40.01032769086213,2019-06-30-20-47-51
1.0,115.91942037743578,40.01383505108756,2019-06-30-20-47-51
1.0,115.9191704085471,40.01533524800028,2019-06-30-20-47-51
1.0,115.90717594915843,40.0198444777461,2019-06-30-20-47-51
1.0,115.91192444789482,40.02059148041114,2019-06-30-20-47-51
1.0,115.92466545290364,40.0103290078439,2019-06-30-20-47-51
1.0,115.92491515898811,40.01032868263894,2019-06-30-20-47-51
1.0,115.92566425624806,40.01032769086213,2019-06-30-20-47-51
1.0,115.91942037743578,40.01383505108756,2019-06-30-20-47-51
1.0,115.9191704085471,40.01533524800028,2019-06-30-20-47-51
1.0,115.92367292993957,39.95883239471823,2019-06-30-20-47-51
1.0,115.92392265030468,39.95883208034342,2019-06-30-20-47-51
1.0,115.92417236715167,39.95883176325787,2019-06-30-20-47-51
1.0,115.92417233642445,39.95908175348511,2019-06-30-20-47-51
1.0,115.92442204975674,39.95908143369232,2019-06-30-20-47-51
1.0,115.9179283198259,39.95933885034143,2019-06-30-20-47-51
1.0,115.92442201902809,39.95933142391858,2019-06-30-20-47-51
1.0,115.92442198829907,39.95958141414384,2019-06-30-20-47-51
1.0,115.92442195756972,39.95983140436805,2019-06-30-20-47-51
1.0,115.92417221351221,39.9600817143841,2019-06-30-20-47-51
1.0,115.92142510332712,39.960335042902855,2019-06-30-20-47-51
1.0,115.92392246594295,39.9603320216919,2019-06-30-20-47-51
1.0,115.9189273541225,39.960587780082115,2019-06-30-20-47-51
1.0,115.92367271485735,39.96058232628782,2019-06-30-20-47-51
1.0,115.91892732341341,39.96083777030253,2019-06-30-20-47-51
1.0,115.91917711137776,39.960837508028035,2019-06-30-20-47-51
1.0,115.92067576388332,39.960835876359845,2019-06-30-20-47-51
1.0,115.92367268412997,39.96083231650741,2019-06-30-20-47-51
1.0,115.92367265340225,39.961082306725665,2019-06-30-20-47-51
1.0,115.92367262267419,39.96133229694254,2019-06-30-20-47-51
1.0,115.92392234302838,39.9613319825673,2019-06-30-20-47-51
1.0,115.92417202913373,39.96158165569666,2019-06-30-20-47-51
1.0,115.92442174245485,39.96158133590345,2019-06-30-20-47-51
1.0,115.9206756410188,39.961835837226424,2019-06-30-20-47-51
1.0,115.92492112784012,39.96183067842366,2019-06-30-20-47-51
1.0,115.92517083064688,39.96183035053068,2019-06-30-20-47-51
1.0,115.92542049922181,39.96208001015737,2019-06-30-20-47-51
1.0,115.92567019504263,39.96207967688333,2019-06-30-20-47-51
1.0,115.92591988737847,39.96207934092458,2019-06-30-20-47-51
1.0,115.92616957623443,39.96207900228507,2019-06-30-20-47-51
1.0,115.92392222010841,39.96233194341966,2019-06-30-20-47-51
1.0,115.92641923087349,39.96232865117913,2019-06-30-20-47-51
1.0,115.91018341566436,39.95309549483039,2019-06-30-20-47-51
1.0,115.91018338498665,39.95334548506644,2019-06-30-20-47-51
2.0,115.9114328927341,39.953594625415974,2019-06-30-20-47-51
1.0,115.91043323861346,39.95384530119164,2019-06-30-20-47-51
1.0,115.91168275879315,39.9538444372329,2019-06-30-20-47-51
1.0,115.91193265188568,39.95384425600065,2019-06-30-20-47-51
1.0,115.91268224792333,39.95434367590724,2019-06-30-20-47-51
1.0,115.9166797757697,39.95509023057868,2019-06-30-20-47-51
1.0,115.9169295961883,39.95508999330901,2019-06-30-20-47-51
1.0,115.91717938229657,39.95533974348883,2019-06-30-20-47-51
1.0,115.91742919548838,39.95533950064825,2019-06-30-20-47-51
1.0,115.91767900507088,39.955339255025166,2019-06-30-20-47-51
1.0,115.91792878034782,39.95558899685723,2019-06-30-20-47-51
1.0,115.9181785827186,39.95558874567522,2019-06-30-20-47-51
1.0,115.91842838148796,39.95558849171696,2019-06-30-20-47-51
1.0,115.91867814595714,39.95583822522,2019-06-30-20-47-51
1.0,115.91892793753125,39.955837965715865,2019-06-30-20-47-51
1.0,115.91917772551251,39.95583770344227,2019-06-30-20-47-51
1.0,115.91942747919956,39.956087428636586,2019-06-30-20-47-51
1.0,115.91967726000341,39.956087160831224,2019-06-30-20-47-51
1.0,115.91992700651721,39.95633688049835,2019-06-30-20-47-51
1.0,115.92017674944859,39.95658659740547,2019-06-30-20-47-51
1.0,115.92017671874054,39.956836587639344,2019-06-30-20-47-51
1.0,115.92017668803214,39.95708657787277,2019-06-30-20-47-51
1.0,115.92017665732341,39.95733656810572,2019-06-30-20-47-51
1.0,115.92042639667187,39.957586282253786,2019-06-30-20-47-51
1.0,115.92067613244453,39.95783599364685,2019-06-30-20-47-51
1.0,115.92092589535729,39.957835712056614,2019-06-30-20-47-51
1.0,115.92117562398995,39.95808541794856,2019-06-30-20-47-51
1.0,115.92142537977213,39.95808513086358,2019-06-30-20-47-51
1.0,115.92167513199499,39.958084841035586,2019-06-30-20-47-51
1.0,115.92192488066233,39.95808454846754,2019-06-30-20-47-51
1.0,115.92217459506027,39.95833424339253,2019-06-30-20-47-51
1.0,115.92242433662717,39.958333945353466,2019-06-30-20-47-51
1.0,115.92267407465037,39.95833364458361,2019-06-30-20-47-51
1.0,115.92292377841275,39.9585833313153,2019-06-30-20-47-51
1.0,115.92317350935976,39.958583025093446,2019-06-30-20-47-51
1.0,115.92342323677548,39.958582716150566,2019-06-30-20-47-51
1.0,115.92367292993957,39.95883239471823,2019-06-30-20-47-51
1.0,115.92392265030468,39.95883208034342,2019-06-30-20-47-51
1.0,115.92417236715167,39.95883176325787,2019-06-30-20-47-51
1.0,115.92417233642445,39.95908175348511,2019-06-30-20-47-51
1.0,115.92442204975674,39.95908143369232,2019-06-30-20-47-51
1.0,115.9179283198259,39.95933885034143,2019-06-30-20-47-51
1.0,115.92442201902809,39.95933142391858,2019-06-30-20-47-51
1.0,115.92442198829907,39.95958141414384,2019-06-30-20-47-51
1.0,115.92442195756972,39.95983140436805,2019-06-30-20-47-51
1.0,115.92417221351221,39.9600817143841,2019-06-30-20-47-51
1.0,115.92142510332712,39.960335042902855,2019-06-30-20-47-51
1.0,115.92392246594295,39.9603320216919,2019-06-30-20-47-51
1.0,115.9189273541225,39.960587780082115,2019-06-30-20-47-51
1.0,115.92367271485735,39.96058232628782,2019-06-30-20-47-51
1.0,115.91892732341341,39.96083777030253,2019-06-30-20-47-51
1.0,115.91917711137776,39.960837508028035,2019-06-30-20-47-51
1.0,115.92067576388332,39.960835876359845,2019-06-30-20-47-51
1.0,115.92367268412997,39.96083231650741,2019-06-30-20-47-51
1.0,115.92367265340225,39.961082306725665,2019-06-30-20-47-51
1.0,115.92367262267419,39.96133229694254,2019-06-30-20-47-51
1.0,115.92392234302838,39.9613319825673,2019-06-30-20-47-51
1.0,115.92417202913373,39.96158165569666,2019-06-30-20-47-51
1.0,115.92442174245485,39.96158133590345,2019-06-30-20-47-51
1.0,115.9206756410188,39.961835837226424,2019-06-30-20-47-51
1.0,115.92492112784012,39.96183067842366,2019-06-30-20-47-51
1.0,115.92517083064688,39.96183035053068,2019-06-30-20-47-51
1.0,115.92542049922181,39.96208001015737,2019-06-30-20-47-51
1.0,115.92567019504263,39.96207967688333,2019-06-30-20-47-51
1.0,115.92591988737847,39.96207934092458,2019-06-30-20-47-51
1.0,115.92616957623443,39.96207900228507,2019-06-30-20-47-51
1.0,115.92392222010841,39.96233194341966,2019-06-30-20-47-51
1.0,115.92641923087349,39.96232865117913,2019-06-30-20-47-51
1.0,115.91218392167985,39.94259451239146,2019-06-30-20-47-51
1.0,115.9166810032796,39.94509062169097,2019-06-30-20-47-51
1.0,115.91018341566436,39.95309549483039,2019-06-30-20-47-51
1.0,115.91018338498665,39.95334548506644,2019-06-30-20-47-51
2.0,115.9114328927341,39.953594625415974,2019-06-30-20-47-51
1.0,115.91043323861346,39.95384530119164,2019-06-30-20-47-51
1.0,115.91168275879315,39.9538444372329,2019-06-30-20-47-51
1.0,115.91193265188568,39.95384425600065,2019-06-30-20-47-51
1.0,115.91268224792333,39.95434367590724,2019-06-30-20-47-51
1.0,115.9166797757697,39.95509023057868,2019-06-30-20-47-51
1.0,115.9169295961883,39.95508999330901,2019-06-30-20-47-51
1.0,115.91717938229657,39.95533974348883,2019-06-30-20-47-51
1.0,115.91742919548838,39.95533950064825,2019-06-30-20-47-51
1.0,115.91767900507088,39.955339255025166,2019-06-30-20-47-51
1.0,115.91792878034782,39.95558899685723,2019-06-30-20-47-51
1.0,115.9181785827186,39.95558874567522,2019-06-30-20-47-51
1.0,115.91842838148796,39.95558849171696,2019-06-30-20-47-51
1.0,115.91867814595714,39.95583822522,2019-06-30-20-47-51
1.0,115.91892793753125,39.955837965715865,2019-06-30-20-47-51
1.0,115.91917772551251,39.95583770344227,2019-06-30-20-47-51
1.0,115.91942747919956,39.956087428636586,2019-06-30-20-47-51
1.0,115.91967726000341,39.956087160831224,2019-06-30-20-47-51
1.0,115.91992700651721,39.95633688049835,2019-06-30-20-47-51
1.0,115.92017674944859,39.95658659740547,2019-06-30-20-47-51
1.0,115.92017671874054,39.956836587639344,2019-06-30-20-47-51
1.0,115.92017668803214,39.95708657787277,2019-06-30-20-47-51
1.0,115.92017665732341,39.95733656810572,2019-06-30-20-47-51
1.0,115.92042639667187,39.957586282253786,2019-06-30-20-47-51
1.0,115.92067613244453,39.95783599364685,2019-06-30-20-47-51
1.0,115.92092589535729,39.957835712056614,2019-06-30-20-47-51
1.0,115.92117562398995,39.95808541794856,2019-06-30-20-47-51
1.0,115.92142537977213,39.95808513086358,2019-06-30-20-47-51
1.0,115.92167513199499,39.958084841035586,2019-06-30-20-47-51
1.0,115.92192488066233,39.95808454846754,2019-06-30-20-47-51
1.0,115.92217459506027,39.95833424339253,2019-06-30-20-47-51
1.0,115.92242433662717,39.958333945353466,2019-06-30-20-47-51
1.0,115.92267407465037,39.95833364458361,2019-06-30-20-47-51
1.0,115.92292377841275,39.9585833313153,2019-06-30-20-47-51
1.0,115.92317350935976,39.958583025093446,2019-06-30-20-47-51
1.0,115.92342323677548,39.958582716150566,2019-06-30-20-47-51
1.0,115.92367292993957,39.95883239471823,2019-06-30-20-47-51
1.0,115.92392265030468,39.95883208034342,2019-06-30-20-47-51
1.0,115.92417236715167,39.95883176325787,2019-06-30-20-47-51
1.0,115.92417233642445,39.95908175348511,2019-06-30-20-47-51
1.0,115.92442204975674,39.95908143369232,2019-06-30-20-47-51
1.0,115.9179283198259,39.95933885034143,2019-06-30-20-47-51
1.0,115.92442201902809,39.95933142391858,2019-06-30-20-47-51
1.0,115.92442198829907,39.95958141414384,2019-06-30-20-47-51
1.0,115.92442195756972,39.95983140436805,2019-06-30-20-47-51
1.0,115.92417221351221,39.9600817143841,2019-06-30-20-47-51
1.0,115.92142510332712,39.960335042902855,2019-06-30-20-47-51
1.0,115.92392246594295,39.9603320216919,2019-06-30-20-47-51
1.0,115.9189273541225,39.960587780082115,2019-06-30-20-47-51
1.0,115.92367271485735,39.96058232628782,2019-06-30-20-47-51
1.0,115.91892732341341,39.96083777030253,2019-06-30-20-47-51
1.0,115.91917711137776,39.960837508028035,2019-06-30-20-47-51
1.0,115.92067576388332,39.960835876359845,2019-06-30-20-47-51
1.0,115.92367268412997,39.96083231650741,2019-06-30-20-47-51
1.0,115.92367265340225,39.961082306725665,2019-06-30-20-47-51
1.0,115.92367262267419,39.96133229694254,2019-06-30-20-47-51
1.0,115.92392234302838,39.9613319825673,2019-06-30-20-47-51
1.0,115.92417202913373,39.96158165569666,2019-06-30-20-47-51
1.0,115.92442174245485,39.96158133590345,2019-06-30-20-47-51
1.0,115.9206756410188,39.961835837226424,2019-06-30-20-47-51
1.0,115.92492112784012,39.96183067842366,2019-06-30-20-47-51
1.0,115.92517083064688,39.96183035053068,2019-06-30-20-47-51
1.0,115.92542049922181,39.96208001015737,2019-06-30-20-47-51
1.0,115.92567019504263,39.96207967688333,2019-06-30-20-47-51
1.0,115.92591988737847,39.96207934092458,2019-06-30-20-47-51
1.0,115.92616957623443,39.96207900228507,2019-06-30-20-47-51
1.0,115.92392222010841,39.96233194341966,2019-06-30-20-47-51
1.0,115.92641923087349,39.96232865117913,2019-06-30-20-47-51
1.0,115.91218392167985,39.94259451239146,2019-06-30-20-47-51
1.0,115.9166810032796,39.94509062169097,2019-06-30-20-47-51
1.0,115.91018341566436,39.95309549483039,2019-06-30-20-47-51
1.0,115.91018338498665,39.95334548506644,2019-06-30-20-47-51
2.0,115.9114328927341,39.953594625415974,2019-06-30-20-47-51
1.0,115.91043323861346,39.95384530119164,2019-06-30-20-47-51
1.0,115.91168275879315,39.9538444372329,2019-06-30-20-47-51
1.0,115.91193265188568,39.95384425600065,2019-06-30-20-47-51
1.0,115.91268224792333,39.95434367590724,2019-06-30-20-47-51
1.0,115.9166797757697,39.95509023057868,2019-06-30-20-47-51
1.0,115.9169295961883,39.95508999330901,2019-06-30-20-47-51
1.0,115.91717938229657,39.95533974348883,2019-06-30-20-47-51
1.0,115.91742919548838,39.95533950064825,2019-06-30-20-47-51
1.0,115.91767900507088,39.955339255025166,2019-06-30-20-47-51
1.0,115.91218392167985,39.94259451239146,2019-06-30-20-47-51
1.0,115.9166810032796,39.94509062169097,2019-06-30-20-47-51
1.0,115.90069820275326,39.83660516716413,2019-06-30-20-47-51
1.0,115.90944696125862,39.84435100419404,2019-06-30-20-47-51
1.0,115.92369090743554,39.812089809938406,2019-06-30-20-47-51
1.0,115.92244221908281,39.81234132241669,2019-06-30-20-47-51
1.0,115.9229416927925,39.812340718199856,2019-06-30-20-47-51
1.0,115.92394059791026,39.81233947710014,2019-06-30-20-47-51
1.0,115.92618786843308,39.81283648951467,2019-06-30-20-47-51
1.0,115.92643755453936,39.812836148223205,2019-06-30-20-47-51
1.0,115.92543869767962,39.813587442201744,2019-06-30-20-47-51
1.0,115.9221922632659,39.81409149184273,2019-06-30-20-47-51
1.0,115.92643734074292,39.81458602004378,2019-06-30-20-47-51
1.0,115.90520083336897,39.8183549258632,2019-06-30-20-47-51
1.0,115.90470078547543,39.818855098017615,2019-06-30-20-47-51
1.0,115.90545063841735,39.819854711723366,2019-06-30-20-47-51
1.0,115.9049504148137,39.82185478508584,2019-06-30-20-47-51
1.0,115.9052004064512,39.82185467986237,2019-06-30-20-47-51
1.0,115.90645031011599,39.821854111591485,2019-06-30-20-47-51
1.0,115.90470026705867,39.82310480097772,2019-06-30-20-47-51
1.0,115.90620006216975,39.82410407562257,2019-06-30-20-47-51
1.0,115.92269339194726,39.80059192357033,2019-06-30-20-47-51
1.0,115.92369090743554,39.812089809938406,2019-06-30-20-47-51
1.0,115.92244221908281,39.81234132241669,2019-06-30-20-47-51
1.0,115.9229416927925,39.812340718199856,2019-06-30-20-47-51
1.0,115.92394059791026,39.81233947710014,2019-06-30-20-47-51
1.0,115.92618786843308,39.81283648951467,2019-06-30-20-47-51
1.0,115.92643755453936,39.812836148223205,2019-06-30-20-47-51
1.0,115.92543869767962,39.813587442201744,2019-06-30-20-47-51
1.0,115.9221922632659,39.81409149184273,2019-06-30-20-47-51
1.0,115.92643734074292,39.81458602004378,2019-06-30-20-47-51
1.0,115.90520083336897,39.8183549258632,2019-06-30-20-47-51
1.0,115.90470078547543,39.818855098017615,2019-06-30-20-47-51
1.0,115.90545063841735,39.819854711723366,2019-06-30-20-47-51
1.0,115.92119554729001,39.79534411247029,2019-06-30-20-47-51
1.0,115.92269339194726,39.80059192357033,2019-06-30-20-47-51
1.0,115.92369090743554,39.812089809938406,2019-06-30-20-47-51
1.0,115.92119554729001,39.79534411247029,2019-06-30-20-47-51
1.0,115.92269339194726,39.80059192357033,2019-06-30-20-47-51
